Entity,Code,Year,Electricity from coal (TWh),Electricity from gas (TWh),Electricity from hydro (TWh),Electricity from other renewables (TWh),Electricity from solar (TWh),Electricity from oil (TWh),Electricity from wind (TWh),Electricity from nuclear (TWh)
Albania,ALB,2017,0.0,0.0,4.47975,0.0,0.001,0.0,0.0,0.0
Albania,ALB,2018,0.0,0.0,8.46648,0.0,0.001,0.0,0.0,0.0
Albania,ALB,2019,0.0,0.0,5.15394,0.0,0.022,0.0,0.0,0.0
Austria,AUT,2017,1.75785,10.913953,38.29375,4.920934,1.268971,3.703373,6.571511,0.0
Austria,AUT,2018,1.805283,9.917735,37.63791,4.930034999999999,1.437641,3.24698,6.030429,0.0
Austria,AUT,2019,1.63316390399999,11.617831821,41.63827012,4.536563462999999,1.352707729,3.24698,7.600233659,0.0
Belarus,BLR,2017,0.0,31.70526,0.401,0.195,0.089,0.0,0.097,0.0
Belarus,BLR,2018,0.0,35.8892,0.32076,0.206,0.177,0.0,0.099,0.0
Belarus,BLR,2019,0.0,36.67598,0.34452,0.336,0.181,0.0,0.178,0.0
Belgium,BEL,2017,0.0909,23.0285,0.2701,5.76589999999999,3.3073,3.8829,6.5137,42.2268
Belgium,BEL,2018,0.0912999999999999,23.9904,0.3135,5.4593,3.9018,3.76269999999999,7.4647,28.597
Belgium,BEL,2019,0.0912999999999999,25.158310531,0.306045283,5.21733277799999,3.87929396,3.87255258199999,9.361865331,42.41674157
Bosnia and Herzegovina,BIH,2017,11.67856,0,3.7521,0.006,0.021,0,0.001,0
Bosnia and Herzegovina,BIH,2018,11.75846,0,6.35382,0.008,0.021,0,0.103,0
Bosnia and Herzegovina,BIH,2019,9.97622,0,6.02019,0.0106666666666666,0.03,0,0.254,0
Bulgaria,BGR,2017,20.914091,1.922482,2.828103,0.395980999999999,1.402965,0.400756,1.50406399999999,15.545499
Bulgaria,BGR,2018,18.6594729999999,2.016917,5.146578,1.49232799999999,1.342775,0.437771,1.31812299999999,16.125281
Bulgaria,BGR,2019,17.3940199499999,2.239711645,2.93612544699999,1.469431491,1.470398845,0.436210968,1.29694689599999,16.561891246
Croatia,HRV,2017,1.3671,3.0901,5.30739999999999,0.5256,0.0787,0.2103,1.204,0.0
Croatia,HRV,2018,1.4526,2.2453,7.7009,0.670099999999999,0.0749,0.0685,1.3354,0.0
Croatia,HRV,2019,1.621178,2.598584,5.865936,0.913126999999999,0.07814,0.043221,1.440818,0.0
Czechia,CZE,2017,41.4437969999999,3.698476,1.869464,4.966978,2.193367,2.67368699999999,0.591038,28.3395999999999
Czechia,CZE,2018,41.201476,3.770457,1.62883,4.828278,2.358881,2.537815,0.609329999999999,29.921311
Czechia,CZE,2019,37.712194508,5.752342935,1.803642325,4.528141765,2.276559341,2.392278339,0.689944774,30.263731338
Denmark,DNK,2017,6.20854799999999,2.018162,0.017871,6.26365099999999,0.751485,1.00200699999999,14.78,0.0
Denmark,DNK,2018,6.570418,2.071999,0.014862,5.899071,0.952973,0.968459,13.898803,0.0
Denmark,DNK,2019,4.198358648,1.846760942,0.014862,5.76179283,0.95810288,1.114238718,15.87806884,0.0
Estonia,EST,2017,0.0176,0.063,0.026,1.03770099999999,0.014492,11.035699,0.723,0.0
Estonia,EST,2018,0.0,0.058,0.015,1.307,0.030802,10.313,0.636,0.0
Estonia,EST,2019,0.0,0.043912758,0.0095979419999999,1.314232339,0.0336136999999999,5.926841403,0.719181878,0.0
Finland,FIN,2017,5.857,3.3,14.771469,11.861537,0.048513,4.012955,4.795192,22.477
Finland,FIN,2018,5.791,4.195,13.301104,12.9102249999999,0.090225,5.062906,5.838668,22.793
Finland,FIN,2019,4.48663233,4.159466937,12.22515049,12.7382249999999,0.090225,3.949583807,6.126808962,23.802221333
France,FRA,2017,12.818153,40.500366,50.001257,8.420927,9.584882,11.782692,24.609437,398.359129
France,FRA,2018,8.412694,30.587768,65.284601,8.945082,10.568737,10.630602,28.599041,412.941811999999
France,FRA,2019,4.412694,37.587768,57.284601,8.945082,12.568737,11.630602,33.599041,398.941811999999
Germany,DEU,2017,241.3,86.7,20.2,51.2,39.4,27.1,105.7,76.3
Germany,DEU,2018,228.2,82.5,18.0,51.1,45.8,25.8,110.0,76.0
Germany,DEU,2019,171.5,90.5,19.7,50.39999999999991,46.4,24.4,125.9,75.1
Greece,GRC,2017,18.765,17.127831,3.962547,0.310027999999999,3.991477,5.49496,5.53698699999999,0.0
Greece,GRC,2018,17.1851549999999,14.085467,5.743448,0.31407,3.790652,5.827281,6.300259,0.0
Greece,GRC,2019,12.2188163019999,16.153898453,4.276328056,0.31407,3.976093562,5.827281,7.240075364,0.0
Hungary,HUN,2017,4.93199999999999,7.838,0.22,2.155,0.349,0.453,0.758,16.098
Hungary,HUN,2018,4.669,7.234,0.222,2.304,0.62,0.476,0.607,15.733
Hungary,HUN,2019,3.93551712999999,8.364153517,0.241704858,2.36361993299999,1.37087462,0.52950018,0.754008911,16.287493409
Ireland,IRL,2017,3.644562,15.6834369999999,0.691603,0.732898999999999,0.010801,2.461972,7.444037,0
Ireland,IRL,2018,2.151674,16.01749,0.69409,0.844058,0.016656,2.532482,8.63976699999999,0
Ireland,IRL,2019,0.59941384,16.6259205579999,0.885512096,0.844058,0.016656,2.326949303,9.46254611399999,0
Italy,ITA,2017,32.627426,140.363587,36.19871,25.568153,24.3777109999999,16.454387,17.741909,0.0
Italy,ITA,2018,28.469868,128.555627,48.7864139999999,25.245768,22.653838,15.950741,17.716434,0.0
Italy,ITA,2019,19.667711973,137.455627,46.8772893439999,25.21229847,24.670238,15.950741,20.318745073,0.0
Latvia,LVA,2017,0.000207,2.068806,4.38062,0.93064,0.00044,0.000476,0.15,0.0
Latvia,LVA,2018,0.000343,3.218697,2.431569,0.943625,0.0012729999999999,0.0072399999999999,0.122038,0.0
Latvia,LVA,2019,0.000343,3.328441147,2.108003672,0.877167095,0.0012729999999999,0.0,0.14809006,0.0
Lithuania,LTU,2017,0.0,0.597587,0.602398999999999,0.503648,0.0680289999999999,0.222564999999999,1.36384099999999,0.0
Lithuania,LTU,2018,0.0,0.3303,0.430999999999999,0.543,0.0866,0.2159,1.144,0.0
Lithuania,LTU,2019,0.0,0.469320798,0.352800905999999,0.568453407,0.0902863659999999,0.196945606,1.427918283,0.0
Luxembourg,LUX,2017,0.0,0.220921,0.0856490000000003,0.171453,0.108463,0.077514,0.234823,0.0
Luxembourg,LUX,2018,0.0,0.195271,0.092778,0.217401999999999,0.119725,0.077182,0.254575,0.0
Luxembourg,LUX,2019,0.0,0.195271,0.092778,0.217401999999999,0.119725,0.077182,0.254575,0.0
Malta,MLT,2017,0.0,1.286507,0.0,0.0097359999999999,0.162229999999998,0.193214,5.8e-05,0.0
Malta,MLT,2018,0.0,1.74538099999999,0.0,0.008952,0.189576,0.018104,5.8e-05,0.0
Malta,MLT,2019,0.0,1.74538099999999,0.0,0.008952,0.189576,0.018104,5.8e-05,0.0
Moldova,MDA,2017,3.86322189473684,0.505898105263157,0.282,0.023,0.002,0.0,0.007,0.0
Moldova,MDA,2018,4.20482778947368,0.550632210526315,0.27324,0.03,0.003,0.0,0.023,0.0
Moldova,MDA,2019,4.42092884210526,0.578931157894736,0.29799,0.031,0.003,0.0,0.043,0.0
Montenegro,MNE,2017,1.28028,0.0,1.014,0.0,0.0,0.0,0.097,0.0
Montenegro,MNE,2018,1.4617,0.0,2.09187,0.0,0.0,0.0,0.143,0.0
Montenegro,MNE,2019,1.47517333333333,0.0,2.29716,0.0,0.0,0.0,0.21,0.0
Netherlands,NLD,2017,31.275541,59.394044,0.060757,4.599347,2.207583,5.628507,10.568813,3.402478
Netherlands,NLD,2018,27.470253,58.358937,0.072348,4.555228,3.693094,6.136561,10.563647,3.51477
Netherlands,NLD,2019,17.7154579999999,71.44833,0.074182,5.798138,5.31978499999999,5.779105,11.523063,3.909748
North Macedonia,MKD,2017,,,1.110279,0.051551,0.0237509999999999,,0.11048,0.0
North Macedonia,MKD,2018,,,1.791368,0.05405,0.022788,,0.097338,0.0
North Macedonia,MKD,2019,,,1.163674,0.055103,0.023227,,0.101806,0.0
Norway,NOR,2017,0.0,2.5709,141.651,0.455,0.0,0.0,2.852,0.0
Norway,NOR,2018,0.0,2.62636,138.202,0.375,0.002,0.0,3.876,0.0
Norway,NOR,2019,0.0,2.36128,123.66288,0.449,0.013,0.0,5.529782,0.0
Poland,POL,2017,131.158527,10.0348619999999,2.559581,6.488041,0.165463,4.613722,14.909041,0.0
Poland,POL,2018,130.562933999999,12.634331,1.96999699999999,6.547908,0.300487999999999,4.682712,12.798792,0.0
Poland,POL,2019,118.854393835,14.530063505,1.92782699499999,6.812907936,0.724688,4.738078811,15.039221431,0.0
Portugal,PRT,2017,14.666,18.894581,5.896883,3.436962,0.991545999999999,1.56325599999999,12.247853,0.0
Portugal,PRT,2018,12.006364,15.611618,12.393349,3.386233,1.005896,1.381127,12.616584,0.0
Portugal,PRT,2019,6.014274608,16.83408443,9.210954093,3.650165391,1.24072233799999,1.187423557,13.689733209,0.0
Romania,ROU,2017,16.780175,10.656139,14.494457,0.525168,1.85567399999999,0.710050999999999,7.406702,11.5088649999999
Romania,ROU,2018,15.6455,10.5209649999999,17.664206,0.437129999999999,1.771027,0.704881999999999,6.322219,11.377435
Romania,ROU,2019,13.606034883,9.13021957499999,15.655264995,0.517649199,1.796241244,0.704881999999999,6.76794658,11.278832353
Russia,RUS,2017,163.055003602419,484.452826661583,183.163,3.113,0.56,10.6839297359976,0.14,190.115
Russia,RUS,2018,179.083558091694,481.04691491668,189.23058,3.039,0.72,10.5651669916244,0.232,181.765
Russia,RUS,2019,170.046122152117,484.929755185176,192.43224,3.73,0.985,10.4933626627057,0.315,195.535
Serbia,SRB,2017,25.52382,0.0,9.061,0.079,0.013,0.0,0.048,0.0
Serbia,SRB,2018,24.21722,0.0,10.53261,0.107,0.013,0.0,0.15,0.0
Serbia,SRB,2019,23.6801666666666,0.0,10.07028,0.116,0.014,0.0,0.848,0.0
Slovakia,SVK,2017,2.99099999999999,1.667,4.324,1.696,0.506,1.013,0.006,15.081
Slovakia,SVK,2018,3.011,1.857,3.59,1.625,0.585,1.049,0.006,14.843
Slovakia,SVK,2019,2.488276435,3.132700884,4.572830786,2.023177856,0.605234196999999,0.0,0.0099265,15.36496919
Slovenia,SVN,2017,4.824127,0.477066999999999,3.868344,0.284942,0.283867,0.019337,0.005716,6.285272
Slovenia,SVN,2018,4.62227,0.483267,4.70432,0.264976,0.254961,0.02352,0.006021,5.77643899999999
Slovenia,SVN,2019,4.492445872,0.559765257,4.620329818,0.277031207,0.254546858,0.005837319,0.0059987,5.82017280799999
Spain,ESP,2017,45.127,64.039,18.322,6.078,14.397,17.758,49.127,58.039
Spain,ESP,2018,37.341,58.004,34.3339999999999,5.911,12.744,16.893,50.896,55.766
Spain,ESP,2019,12.25040793,84.1011201199999,24.9088601599999,5.88367500099999,15.146634372,16.411086536,54.368853979,58.447708373
Sweden,SWE,2017,0.322,0.328,65.143,12.076,0.23,2.821,17.609,65.696
Sweden,SWE,2018,0.335,0.385,62.21,11.913,0.407,2.937,16.623,68.549
Sweden,SWE,2019,0.335,0.385,66.568337626,12.872950506,0.407,2.937,19.919881349,67.176198665
Switzerland,CHE,2017,0.0,0.0,33.754,3.106,1.683,0.7144,0.133,19.591
Switzerland,CHE,2018,0.0,0.0,34.637,3.082,1.944,0.6063,0.122,24.496
Switzerland,CHE,2019,0.0,0.0,37.6596,3.301,2.111,0.66148,0.148225,25.37
Turkey,TUR,2017,91.2571350923079,103.440537406006,57.824,8.036,2.818,1.91742750168561,17.793,0.0
Turkey,TUR,2018,105.952927101957,86.5248962599528,59.49,9.859,7.505,1.21857663808997,19.836,0.0
Turkey,TUR,2019,105.516408701112,53.5277517566418,87.99714,11.705,9.16,1.19208554224517,21.343687,0.0
Ukraine,UKR,2017,45.0464166645886,6.74797038685654,8.856,0.21,0.74,2.6917729485548,0.983,80.406
Ukraine,UKR,2018,47.658458828992,8.25215849279519,10.32372,0.301,1.108,1.25548267821279,1.188,80.178
Ukraine,UKR,2019,43.9668337430378,8.36889094682431,7.68735,0.285,0.998,1.93893531013786,1.462,78.144
United Kingdom,GBR,2017,22.530445,136.745819999999,5.90156099999999,30.028244,11.475454,6.580481,49.633055,70.3364259999999
United Kingdom,GBR,2018,16.831404,131.48978,5.48978499999999,32.8794089999999,12.857351,6.72863199999999,56.9039609999999,65.063849
United Kingdom,GBR,2019,6.941116488,131.276465145,5.858260605,33.9774963459999,12.969941186,6.78825230199999,64.527354171,57.176353232
