#each line of this file is the electricity trade-off from the first week of the 2017 to last week of 2019, last line is the mean value of all the previous line
ALB,AUT,BIH,BEL,BGR,BLR,CHE,CZE,DEU,DNK,EST,ESP,FIN,FRA,GBR,GRC,HRV,HUN,IRL,ITA,LTU,LUX,LVA,MDA,MNE,MKD,MLT,NLD,NOR,POL,PRT,ROU,SRB,RUS,SWE,SVN,SVK,TUR,UKR
-243,-1280,121,-818,551,330,-2610,1470,6830,160,298,-407,-3330,-4500,-468,-107,-953,-411,91.1,1030,-1120,0,264,0,-205,-227,-173,576,2170,1290,291,1060,-986,1800,730,-151,-1000,-117,0
-220,-2100,191,-1550,114,170,-2250,1150,7060,519,430,610,-2640,1160,-290,1.04,-892,-778,169,-3250,-1190,0,-64.4,0,-210,-275,-183,701,969,552,417,1160,-1300,935,2010,-83.8,-1170,128,0
-218,-1510,157,-1540,-78.3,297,-2140,1900,5680,-586,370,682,-2200,-2450,169,61.7,-735,-707,93.3,-2470,-1160,0,106,0,-331,-224,-184,1390,2000,452,271,1090,-862,892,2730,-99.8,-1010,162,0
-275,-1600,40.7,-1060,-32.3,294,-2870,1770,5410,-653,495,381,-2190,-357,-258,-175,-831,-779,177,-1690,-1170,0,-32.1,0,-190,-269,-154,997,2020,338,208,821,-837,852,2730,-157,-1110,162,0
-260,-2340,105,-1130,-18.3,298,-3790,1230,6340,-249,412,-1360,-2390,5540,-1300,-177,-427,-1350,76.1,-4290,-1240,0,12.6,0,-141,-194,-127,924,2580,372,1320,642,-712,986,1820,-76.4,-1190,101,0
-249,-2080,357,-1390,288,346,-3630,1650,6860,715,265,416,-2790,1550,-862,-274,-386,-1210,109,-4560,-1150,0,112,0,60.4,-162,-167,748,1220,704,1320,589,-238,1030,1570,46.3,-912,114,0
-242,-2900,418,-596,494,380,-3650,1830,7370,-171,538,-2920,-2280,5420,-1690,-794,-654,-1400,124,-3980,-1100,0,-83.5,0,-40.9,-183,-157,960,1230,396,755,601,-36.3,841,2650,-223,-1010,97.4,0
-233,-1480,310,-301,533,166,-2320,1400,7380,1090,227,-2710,-2860,6100,-1810,-716,-649,-1640,121,-4790,-868,0,-141,0,-31.0,-194,-165,-154,-1110,303,700,837,-132,1310,2360,-25.0,-549,21.9,0
-148,-1450,521,-503,624,69.8,-2010,1780,6280,660,247,-1580,-2620,6530,-2710,-1050,-514,-1270,49.9,-5470,-958,0,-50.2,0,17.8,-196,-161,-573,-90.7,123,95.0,841,50.8,1020,2860,174,-454,-133,0
-106,-1470,664,-843,683,217,-1700,1990,5310,194,448,-2290,-2250,6990,-2770,-1290,-144,-997,55.7,-5570,-1030,0,530,0,70.0,-260,-144,-182,445,-284,242,993,-384,1080,2100,152,-399,-57.4,0
-117,-1580,471,-635,649,153,-1060,1490,6610,521,284,-2460,-2110,803M,-2640,-1450,-693,-677,23.5,-6330,-914,0,594,0,-63.2,-332,-142,-530,-1350,-320,546,1100,-410,584,3390,-21,-516,-89.2,0
-127,-218,344,-722,768,176,-305,1720,4910,-31.4,371,-3450,-1620,7460,-2690,-1190,-768,-1030,-17.0,-6230,-915,0,412,0,-26.8,-316,-140,-471,-555,-662,828,626,-66.6,812,3310,72.1,-195,-63.5,0
-103,-1350,26.7,-1730,650,180,-470,2840,4090,-630,404,-2240,-2010,9650,-2900,-991,-795,-804,64.9,-5840,-945,0,370,0,-33.8,-246,-147,-218,114,-440,-293,689,-137,835,2130,31.3,-813,46.4,0
-13.2,-869,218,-2380,484,144,-572,2880,3580,-63.7,271,-2370,-2320,9150,-2790,-1080,-972,-731,11.7,-5020,-993,0,199,0,-60.4,-263,-118,-619,1010,-608,-73.9,656,-271,855,3410,21.9,-901,207,0
-30.8,-1810,44.7,-2120,665,73.3,-260,2340,6820,514,-21.4,-2170,-2620,7620,-2740,-1150,-927,-551,53.1,-4580,-886,0,189,0,-126,-264,-74.9,-366,-219,1.14,-123,293,-254,597,2870,19.8,-957,137,0
-24.2,-1100,93.3,-2100,483,216,-370,2110,5920,251,185,-2410,-2400,6060,-2820,-1270,-790,-777,20.2,-3680,-984,0,209,0,-221,-281,-73.2,3.45,209,19.8,604,936,-397,303,3080,-294,-989,280,0
-26.2,-671,78.0,-1930,248,148,-494,2320,4290,-174,634,-2390,-3050,4760,-2660,-1180,-532,-1070,-884,-2790,-923,0,297,0,-250,-243,-96.6,431,1340,-263,682,891,16.1,684,2430,165,-915,249,0
-270,-911,-50.3,-1880,407,-80.6,-659,2320,4950,-178,447,-2070,-2170,6560,-2530,-779,-825,-1090,-895,-3280,-920,0,339,0,-238,-177,-115,-737,353,200,-75.3,250,249,1200,2140,54.2,-656,241,0
-268,-519,4.06,-1360,274,160,-145,2020,3660,-504,611,-3160,-2080,8440,-2740,-873,-826,-913,-295,-4520,-897,0,173,0,-231,-204,-102,-1210,1400,-316,551,626,266,1070,1720,156,-529,245,0
-287,74.3,-30.4,-1470,484,234,1030,534,4100,-1470,519,-3360,-2290,9110,-2280,-1040,-926,-1120,0,-4100,-1040,0,-58.0,0,-251,-234,-114,-2420,2500,-685,548,353,349,409,3180,147,-640,222,0
-266,-303,-25.5,-1240,554,204,1580,421,5440,-1290,391,-2350,-1970,6790,-2270,-888,-1030,-1180,-755,-4000,-946,0,-234,0,-204,-210,-136,-2180,2140,-606,-85.6,312,239,368,3360,93.7,-725,257,0
-144,-366,46.9,-1320,451,168,2270,1020,4610,-1240,350,-2350,-1900,4300,-2230,-689,-1320,-1230,39.9,-3530,-872,0,-274,0,-238,-185,-117,-1300,2590,-277,333,357,610,737,2220,90.3,-811,184,0
-72.7,-757,191,173,546,124,860,199,5830,-1110,275,-2710,-2220,6510,-2550,-789,-1280,-871,127,-4020,-860,0,-203,0,-296,-180,-80.2,-2170,1960,-412,538,617,219,786,2160,-26.9,-566,54.3,0
-85.9,-526,322,-510,809,26.3,1130,260,6670,-757,314,-2450,-2490,3410,-2380,-811,-1190,-740,132,-3440,-902,0,-145,0,-271,-182,-91.3,-1390,2760,229,363,473,188,928,1370,-301,-832,123,0
-45.8,-1180,344,-117,805,69.1,882,517,6390,-1050,442,-1550,-1910,2270,-1530,-791,-1300,-1120,23.4,-3150,-1000,0,-259,0,-165,-197,-80.4,-659,3170,-476,-178,413,50.8,723,1540,-200,-934,249,0
-298,-1070,232,-138,796,-43.2,1730,595,5840,-782,648,-2240,-2630,3750,-1940,-1050,-1330,-970,192,-4300,-916,-482,-294,0,-175,-226,-99.9,-605,2580,-462,332,268,171,979,2490,281,-1010,171,0
-476,-1130,313,99.8,865,21.2,1790,716,4930,-1180,445,-1790,-2440,3300,-2790,-1010,-1300,-928,245,-3940,-931,-494,-168,0,-158,-140,-105,-101,3280,-18.2,189,314,286,614,2180,-41.3,-530,97.6,0
-553,-790,231,202,921,-158,1740,390,2250,-1240,513,-2100,-2340,6300,-2830,-923,-1260,-865,365,-4730,-1020,-478,-250,0,-140,-156,-114,161,2580,-328,329,302,2.25,774,3270,178,-433,207,0
-572,-630,282,1020,918,-133,1480,156,2260,-1340,79.9,-2910,-2050,6180,-2600,-704,-1270,-871,253,-5140,-953,-476,-269,0,-176,-220,-122,-253,2760,-267,1050,38.7,131,704,3750,168,-464,194,0
-572,486,217,1190,1040,-156,1400,260,2860,-1570,-11.6,-3580,-2040,6360,-2450,-925,-1170,-899,74.9,-4740,-1010,-440,-243,0,-192,-194,-101,-746,2140,-358,1250,195,-91.9,824,3280,261,-454,123,0
-608,-64.5,326,899,991,-148,1980,662,3860,-1030,143,-2830,-2410,5330,-2500,-337,-1320,-1210,68.6,-4920,-1010,-439,-273,0,-173,-122,-70.0,-1530,2150,-450,1030,117,-67.1,1040,3050,328,-729,268,0
-650,509,207,-145,1030,-172,2040,743,2620,-1740,192,-2640,-2780,6630,-2760,-629,-1190,-1110,189,-2580,-1090,-429,-292,0,-191,-144,-153,-1530,2510,-752,659,-130,4.23,1140,2720,259,-466,126,0
-700,496,103,419,1040,-57.6,809,1040,4630,-1450,241,-4060,-2490,6120,-2480,-692,-1100,-1210,54.3,-2080,-1130,-428,-386,0,-227,-125,-70.5,-2240,2720,-650,1300,376,21.6,1060,1510,104,-424,-37.8,0
-676,305,178,-36.9,1080,128,543,1980,5650,-1380,565,-3430,-2630,4920,-2600,-480,-1120,-1170,200,-3310,-927,-476,-192,0,-198,-142,-72.6,-2110,2980,-212,1120,-73.4,175,939,737,90.6,-453,110,0
-669,-258,235,19.9,970,70.1,535,2240,4830,-1640,346,-3520,-2310,5980,-2710,-533,-1130,-1040,162,-4250,-1050,-481,30.7,0,-158,-163,-40,-1400,3470,-160,808,139,219,1130,413,80.1,-385,205,0
-638,652,286,214,993,36.7,179,1640,5380,-1340,178,-3060,-2260,6800,-2790,-884,-1120,-1120,217,-4530,-985,-462,-81.0,0,-132,-197,833,-1400,2760,-221,667,52.4,275,1160,301,74.5,-652,6.46,0
-613,458,218,-24.4,812,-111,240,1640,6240,-939,107,-2840,-2490,4850,-1910,-922,-741,-1090,181,-4600,-992,-457,-45.6,0,-112,-173,9.07,-1740,2260,-394,739,158,52.8,1160,1470,393,-642,-148,0
-606,614,169,-820,545,95.1,-1430,2480,5180,-1750,385,-1770,-1720,4700,-1390,-897,-674,-1550,142,-4680,-1010,-513,33.8,0,-130,-149,1.63,-1350,3070,-699,-207,6.26,622,1220,1330,479,-173,12.1,427
-544,-752,1.91,-1380,455,-163,-1520,2560,5830,-897,287,-2150,-2440,5510,-2160,-957,-510,-1220,273,-4760,-1050,-516,-124,-112,-136,-260,28.8,-606,2880,-442,-133,791,514,1440,1460,210,-68.1,95.5,564
-378,-623,-246,-814,415,-90.9,-1590,1320,9370,-342,76.0,-968,-1860,4220,-1630,-713,-751,-1330,33.7,-4870,-943,-477,-97.0,-96.7,-108,-277,33.1,-209,1810,-546,-678,157,281,969,740,83.0,-363,134,376
-365,-623,-99.2,-1080,361,32.5,-1720,2330,8340,-544,322,-791,-1700,2620,-971,-236,-879,-1280,172,-4890,-949,-466,-8.38,-93.3,-81.2,-183,43,-30.2,1910,-22.6,-660,-106,-149,937,790,-20.6,-632,359,373
-359,-1510,198,-777,452,211,-1940,2410,8210,-706,379,-1090,-2520,2470,-998,-150,-945,-1250,89.7,-4490,-1050,-471,-18.8,-68.6,-66.9,-153,-13.1,19.6,2790,-823,-250,-184,-15.9,770,1900,-46.2,-740,341,407
-359,-592,92.5,-740,376,228,-2030,1490,7980,-216,422,-1040,-2940,2310,-606,-43.4,-789,-1170,-95.0,-4040,-1010,-485,80.0,-79.9,-85.8,-149,-111,340,935,-539,-501,284,-66.1,627,2470,1.88,-605,176,491
-569,-889,120,-1040,708,223,-2300,1940,8330,-884,262,-1260,-2400,826,-1280,-350,-833,-1430,29.2,-3560,-987,-475,66.2,-73.1,-82.6,-207,-115,718,1420,-138,139,321,-404,679,3140,-180,-34.8,260,308
-650,-879,292,-1800,738,85.8,-1530,2010,6790,-420,115,891,-1850,-2590,-77.4,-324,-540,-1240,89.6,-3280,-1070,-517,101,-63.8,-85.3,-214,-108,569,1530,-171,627,-124,-524,952,2740,91.0,-236,308,357
-643,-720,185,-1520,755,141,-1510,2220,7420,-220,468,947,-2360,-3500,652,-419,-479,-1390,62.8,-2950,-1050,-516,116,-71.4,84.0,-228,-120,382,689,-389,-64.0,302,-560,970,2700,117,-230,237,494
-628,-1430,168,-544,667,29.1,-2650,1970,9520,-290,325,-881,-2020,482,-393,-454,-712,-1380,82.7,-3800,-1050,-488,98.2,-72.4,-75.7,-176,-136,601,1610,-545,-103,344,-574,1070,1130,-41.1,-399,258,485
-219,-1280,368,-613,679,149,-1630,2480,7620,-621,198,998,-1960,-3830,758,-501,-442,-1330,-16.3,-4250,-1050,-534,92.3,-84.8,-45.5,-243,-96.0,607,2410,-416,-312,581,-757,1060,2050,-114,-411,269,453
-265,-1880,419,-312,562,146,-1770,914,9960,610,-25.1,1260,-2020,-1230,52.5,-628,-672,-1290,88.6,-3930,-1110,-521,74.8,-95.2,29.3,-238,-70.7,-162,178,-404,-457,689,-891,835,2000,-84.2,-589,282,561
30.6,-1150,642,-807,551,233,-2360,990,7790,-493,67.0,202,-2100,1000,-1720,-734,-123,-1420,121,-4670,-1060,-516,138,-102,79.2,-284,-49.8,325,2370,-311,-317,724,-635,881,1850,244,-377,180,825
-243,-1040,564,-794,507,228,-1930,1060,6870,-92.7,123,-576,-1860,2880,-1460,-666,-349,-1240,44.6,-5400,-1170,-480,32.9,-84.6,57.6,-260,-54.7,225,1780,-260,-295,633,-546,620,2530,-21.5,-277,216,730
-312,-2050,92.4,-85.4,609,18.4,-2670,936,1080,132,132,-1350,-2060,4200,-2750,-1060,-457,-849,99.0,-3830,-886,-357,149,-92.3,-75.7,-291,-115,-629,-577,-637,-173,697,-533,917,2030,197,178,-50.5,688
75.5,-1340,274,-782,263,279,-2090,256,8090,-866,236,-1650,-2240,8960,-2990,-1120,-414,-1300,148,-4640,-926,-427,320,-63.6,34.1,-344,-161,-1570,478,-802,-408,511,58.6,1520,1740,-4.30,180,56.0,656
187,-672,565,-1800,210,226,-1410,1320,5760,-64.3,281,-2700,-2500,7210,-3020,-982,-177,-1460,76.0,-5920,-1190,-507,484,-74.2,105,-303,-152,-203,2300,-1130,425,727,292,979,1930,329,-40.7,123,771
137,-263,570,-1370,147,415,-1720,868,6580,-579,398,-2100,-2390,1020,-3060,-1210,-199,-1520,125,-6140,-1230,-491,125,-73.8,131,-365,-93.0,-432,1910,-745,-433,276,-9.24,621,1360,26.1,-274,126,725
337,-952,392,-1460,185,277,-1420,347,6330,308,16.9,-2910,-2480,1160,-2930,-1000,-353,-2000,105,-6660,-1230,-515,110,-85.8,103,-357,-101,-494,1520,-831,277,362,36.5,706,2080,-25.6,-202,166,707
364,-942,528,-1370,315,277,-1430,640,7730,709,123,-3330,-2250,7750,-2940,-1170,-233,-1630,47.2,-6250,-1150,-510,83.4,-73.5,168,-227,-45.3,-144,1000,-751,556,742,-52.2,757,2010,-88.6,-142,47.1,886
635,-1130,877,-858,477,418,-938,491,7080,104,241,-2110,-2440,3750,-2530,-943,-332,-1480,48.9,-5570,-1240,-535,2.73,-67.2,294,-123,-21.9,773,2520,-739,-233,893,-47.0,779,1320,81.2,-326,8.06,882
565,-1260,675,-975,497,393,-1610,600,8290,302,325,-2410,-2240,6240,-2920,-1010,-587,-1750,53.2,-6610,-1250,-513,55.4,-81.8,240,-117,-78.3,551,1790,-841,-353,351,25.2,800,2320,18.1,-439,61.5,906
554,-1850,680,-727,606,452,-1010,990,10600,-256,-23.8,-1580,-2940,3870,-2690,-710,-371,-2170,40.7,-6670,-1320,-503,238,-86.3,208,-172,-96.0,571,2410,-224,-287,731,-132,1250,258,-113,-443,89.6,856
554,-2320,718,-1160,733,517,61.6,917,12000,1120,144,594,-3020,-354,-1890,-199,-645,-2490,-22.7,-6930,-1300,-533,265,-88.2,186,-286,-51.9,20.3,1050,-339,879,729,-126,978,197,-202,-626,226,677
832,-2090,1100,-1200,817,428,-2520,2070,6810,69.6,371,-1780,-2230,7250,-2520,-579,-263,-2310,-408,-6240,-1230,-521,-69.4,-73.2,281,-210,-86.4,-837,515,-735,1670,277,9.62,1250,1210,39.1,-405,83.7,828
791,-1520,1070,-1470,632,172,-2400,1270,6500,482,302,-556,-1920,6370,-2160,-795,-79.7,-2180,-400,-5540,-1100,-509,87.5,-70.1,237,-251,-82.6,-937,-827,-651,1620,476,141,1040,1110,224,-241,-55.4,800
754,-2280,1270,-708,770,305,-2410,1790,8090,187,552,941,-1740,779,-1740,-433,-253,-2210,-253,-5500,-1090,-523,51.3,-65.1,291,-234,-98.1,-688,-213,-793,1050,674,-13.5,945,1990,132,-445,58.8,796
814,-2240,962,-1130,808,210,-1420,2080,7090,869,489,335,-1980,3170,-2260,-579,-266,-1540,12.8,-4340,-1030,-486,88.4,-77.0,206,-189,-177,-1130,-1050,-554,346,625,96.2,728,981,17.1,-269,-68.4,859
845,-1040,903,-1360,784,342,-1130,1740,7420,235,564,-992,-1800,5430,-2370,-897,-229,-1640,-8.21,-4510,-917,-438,218,-119,136,-207,-157,-1800,-2170,-633,483,650,131,581,1740,-391,8.75,-277,893
819,-62.0,485,-2030,901,184,133,1370,5840,530,506,-2310,-2100,5410,-2540,-972,-383,-1680,82.9,-5540,-794,-480,357,-113,186,-256,-128,-530,-926,-1090,894,375,756,697,1830,-243,78.2,-224,971
803,148,448,-2310,809,144,536,1100,3040,-891,527,-1680,-2320,9960,-2360,-1010,-318,-1620,69.5,-5780,-903,-477,339,-111,173,-276,-77.3,-1780,628,-1250,128,642,940,764,1930,-100.0,-358,-199,695
788,586,440,-2200,435,-1.91,1780,952,2250,-478,335,-2230,-2590,10800,-2330,-1030,-550,-1430,23.2,-5060,-913,-459,389,-122,57.1,-279,-75.7,-2060,-617,-1250,-139,325,715,777,2860,-125,-344,-161,965
728,768,275,-1890,223,-36.6,1850,1630,3380,-964,-113,-1800,-2130,7990,-2400,-766,-565,-1640,-13.8,-3450,-1010,-429,297,-120,-63.2,-175,-63.9,-2560,-1040,-971,-807,-36.7,409,1430,3860,46.6,-407,-146,710
699,13.4,552,-2490,296,35.5,2720,2000,1620,-1310,-269,-2790,-1380,1070,-2830,-618,-749,-2000,50.8,-4320,-996,-449,-71.6,-107,-39.9,-175,-39.2,-2730,22.8,-991,80.9,-204,450,340,4540,163,-232,-64.9,599
657,453,330,-1980,511,170,2380,1660,460,-1640,34.0,-2650,-2060,11900,-2290,-998,-759,-2070,70.9,-4050,-1060,-452,-225,-113,-65.0,-231,-51.4,-3330,1100,-1110,180,-90.4,435,649,3870,217,-542,64.4,626
326,-318,410,-2270,574,130,2800,1440,3350,-1560,212,-2240,-2160,9710,-2610,-745,-921,-1950,213,-3800,-1050,-453,-297,-119,-101,-216,-9.43,-2730,1210,-1360,-109,32.0,236,835,3330,147,-679,75.8,650
200,127,367,-2430,805,149,3030,1660,707,-1820,189,-2470,-2330,10500,-2380,-770,-1050,-2280,212,-3570,-1130,-488,-286,-107,-72.3,-211,-33.1,-2560,1570,-1110,285,201,343,1170,3150,153,-705,212,814
-76.8,-290,456,-2340,1140,58.6,2600,1400,1630,-2250,-40.4,-2920,-2740,10800,-2740,-663,-951,-2280,155,-4100,-1070,-487,-295,-121,-38.4,-214,-92.6,-1990,2310,-729,1020,10.6,52.7,1410,3100,69.1,-808,272,759
-77.7,162,555,-2390,1040,-47.1,2160,1670,2520,-1200,155,-2310,-2790,10000,-2480,-676,-764,-2270,159,-4260,-1170,-469,-260,-148,-21.3,-182,-63.0,-1830,2090,-1070,147,8.41,151,1760,1590,-34.0,-707,313,724
-73.2,-810,543,-2090,1140,21.8,1270,1210,4470,-461,176,-3040,-2200,9900,-1910,-906,-722,-2280,145,-4620,-1060,-462,-380,-129,-15.1,-209,-50.7,-2160,-582,-1120,704,46.2,279,1370,3770,-162,-598,313,676
-33.6,-179,710,-1830,1140,15.3,2050,1260,4560,-2160,205,-3310,-1920,8060,-2180,-946,-738,-1720,217,-4920,-1050,-462,-379,-119,-47.0,-192,-33.6,-1980,181,-519,932,284,253,1440,3230,-129,-629,220,720
17.3,-686,688,-2200,1120,28.1,2490,1440,5760,-1290,258,-3230,-1940,7120,-2680,-1140,-929,-1270,74.8,-5720,-1040,-482,-278,-119,-84.9,-205,-20.8,-1280,1030,-324,949,605,200,981,1730,90.9,-562,148,768
-1.43,-1250,455,-1870,1200,80.1,2080,1380,5970,-1280,215,-3060,-2130,7220,-2800,-1080,-1100,-1180,142,-5820,-1160,-484,-255,-130,-62.2,-217,-36.7,-317,1440,-171,568,647,303,861,1340,118,-443,39.3,789
-133,-1650,657,-1880,1310,25.3,2040,1770,4500,-1520,367,-3400,-2250,9270,-3020,-1290,-1140,-1130,138,-5380,-1100,-486,-340,-129,-68.2,-244,-68.5,-979,1260,-161,935,459,86.0,933,1610,56.7,-14.9,204,767
-114,-1510,556,-1470,1290,-54.0,2190,2000,3910,-1450,321,-3060,-2120,8250,-2260,-1250,-951,-1160,89.6,-5390,-1140,-491,-232,-131,-36.9,-243,-90.8,-1590,1590,-89.6,964,600,49.5,1070,1270,19.4,-26.1,166,529
-68.4,-2330,605,-1210,1350,-95.1,2980,1600,4570,-1510,272,-2260,-2500,6260,-2620,-784,-1040,-1460,114,-4110,-1180,-471,-149,-131,-67.1,-146,-64.8,-993,1820,-525,139,792,-65.7,1620,1180,50.0,-207,-55.6,686
-65.9,-2350,450,-1530,1480,-127,1710,1020,5420,-1210,234,-2550,-2410,6730,-2390,-571,-1180,-1570,178,-3510,-1080,-428,-348,-132,-123,-98.5,-43.8,-1050,1120,-368,598,500,-241,1790,1820,13.2,-286,-86.2,682
-97.8,-2210,442,-1680,1440,-1.05,1090,1560,3560,-1360,446,-1960,-2510,7820,-2660,-529,-1020,-1870,72.9,-2960,-1030,-418,-235,-133,-117,-107,-76.9,-1410,2100,-233,68.6,414,-242,1810,1700,55.9,-316,72.1,521
-92.8,-2040,558,-2690,1330,93.6,1180,1720,5930,-1200,503,-1410,-2290,2780,-2130,-554,-1080,-1670,47.9,-2830,-964,-464,-155,-139,-64.0,-205,-91.0,83.2,2690,-404,431,398,-372,2000,655,56.8,-357,217,526
-134,-1790,547,-2900,1290,228,519,1960,6980,-1580,493,-1930,-2270,3740,-2110,-571,-909,-1550,85.8,-4080,-1060,-459,-58.3,-145,-124,-96.0,-55.6,27.3,2670,-247,810,330,-390,2080,-425,406,-185,208,689
-109,-1210,505,-3210,1420,213,-5.48,1990,4290,-1390,482,-1710,-2250,7160,-1480,-405,-999,-1420,38.1,-3900,-1150,-481,-69.4,-126,-42.1,-95.2,-64.3,-616,3030,-490,-13.3,307,-279,1850,58.3,414,-302,-170,545
-93.5,-2020,441,-3300,1270,137,-630,2080,4270,-565,414,-1820,-2300,8890,-1450,-493,-1040,-1230,8.63,-4230,-1060,-483,-285,-112,-63.3,-134,-70.4,-846,2640,-906,209,354,-200,1790,1110,-43.5,-751,-26.7,545
-78.2,-2350,310,-2720,848,138,-1020,1870,6260,-224,124,-2260,-2150,8020,-1760,-397,-1050,-1100,-6.76,-4060,-978,-480,-327,-116,-62.3,-112,-60.9,-864,1120,-900,475,53.5,-256,1540,2440,-229,-660,200,817
-96.2,-2160,59.7,-2670,892,174,-1090,2650,6300,62.3,-24.9,-1570,-2090,6610,-2540,-474,-944,-1350,-56.2,-4220,-907,-481,-332,-123,-47.6,-156,-108,-79.2,979,-391,-73.6,344,-219,1470,2200,88.0,-614,111,883
-147,-1620,72.2,-2170,851,274,-1700,1470,7650,-652,306,-645,-2290,6450,-2160,-298,-943,-1360,-77.0,-5740,-1050,-495,-333,-131,-18.9,-150,-28.6,171,2780,-388,-331,160,-247,1510,1020,92.5,-787,222,727
-433,-2570,168,-2140,869,193,-2350,2350,6590,-482,-4.73,-139,-2110,7110,-1970,-207,-1000,-1130,203,-6000,-1100,-486,-182,-137,-21.1,-153,-35.1,108,2650,-924,-474,363,-206,1420,1810,-49.0,-776,298,931
-449,-2690,262,-3450,902,312,-2470,2.74,4830,-1010,128,32.6,-2210,8750,-1910,-240,-1010,-1130,-114,-5950,-1200,-502,-253,-134,-25.4,-147,-47.1,607,3020,-662,-186,98.3,-193,1450,2490,84.8,-817,388,708
-516,-1370,343,-2500,1110,203,-2730,1710,7600,238,17.1,159,-2390,5520,-1700,-441,-706,-1580,-93.0,-4620,-1100,-495,-484,-146,-53.8,-163,-66.2,135,1200,-446,-243,302,-371,1450,2130,91.9,-846,140,681
-461,-413,417,-2080,1330,357,-1660,1740,5600,-135,193,-240,-2090,2050,-1590,-637,-440,-1550,-61.5,-2990,-1050,-470,-465,-119,-62.0,-262,-76.4,105,1160,-421,28.3,-223,-219,1620,1990,688,-394,45.9,775
-424,-1370,380,-2610,1370,276,-1150,1840,5620,-1100,503,-336,-2220,6890,-2150,-554,-811,-1310,2.36,-4850,-1240,-489,-209,-117,-218,-242,-37.6,-621,2710,-1110,125,-132,-367,1580,1330,584,-368,16.9,803
-453,-1930,321,-2050,1300,145,-1800,1920,7990,-981,140,-653,-1710,3210,-2170,-469,-711,-1680,221,-4300,-1260,-499,-183,-126,-211,-227,-18.5,-459,2100,-520,365,111,-437,1540,2710,242,-464,137,861
-335,-2070,602,-2020,1230,123,-720,2070,7200,-483,152,541,-1760,-2770,-627,-283,-762,-1690,63.9,-2120,-1350,-528,-168,-109,23.3,-239,-29.4,168,2030,-402,1000,93.7,-709,1590,1760,46.4,-630,205,896
-325,-1520,661,-1860,1120,109,-2220,1400,7570,-126,-43.7,-51.8,-1830,3810,-1850,-432,-509,-1990,128,-3370,-1310,-513,-146,-92.4,121,-231,-25.4,12.1,642,-423,-110,247,-1000,1710,1800,268,-738,246,874
-358,-798,513,-2700,773,54.1,-1830,1280,7430,148,-168,-1140,-2280,10600,-2460,-512,-584,-1790,-74.4,-5390,-1250,-482,-335,-106,79.0,-302,-98.5,-116,-788,-140,-350,-380,-1300,1720,2650,-68.0,-691,385,907
-479,-1090,654,-2650,775,244,-15.5,1520,7970,-72.7,7.59,283,-2550,2630,-1750,-532,-742,-1560,42.6,-5160,-1320,-523,-116,-106,91.6,-330,-42.9,-224,2140,-471,328,-389,-795,1880,1770,-46.6,-573,406,791
-516,-1430,556,-2290,803,222,-1680,2050,7550,-439,-106,-1830,-2590,9230,-2570,-562,-902,-1420,34.6,-5380,-1380,-474,-121,-117,48.2,-330,-29.1,48.0,1080,-556,507,-374,-654,1940,1540,-408,-530,400,692
-325,112,-36.7,-3360,1120,52.9,-870,2690,7410,546,-277,-2170,-1770,5270,-2410,-918,-791,-968,-236,-4050,-1130,-411,-286,-97.5,-80.4,-422,-46.7,-260,-2150,704,-130,277,-924,1660,3300,-150,296,227,620
-535,-598,-64.0,-1580,669,61.3,-1430,2240,9300,158,-90.8,-1620,-2860,2510,-2290,-645,-711,-1060,-336,-3500,-1010,-441,-255,-90.7,-91.6,-269,-93.6,710,-946,168,-128,32.6,-857,2220,2830,-160,-97.3,180,682
-578,-982,467,-805,387,96.6,-1160,1580,10300,650,140,-381,-2750,1900,-1910,-335,-761,-1420,-120,-4010,-1310,-489,-246,-97.5,-47.8,-259,-59.8,770,-1340,-316,-300,-328,-1000,1800,2480,85.7,-423,161,568
-591,-262,187,-956,593,136,-847,1590,9780,406,225,-1030,-3040,1330,-2210,-258,-782,-1240,-93.3,-3730,-1190,-504,-199,-104,17.2,-295,-46.8,1320,-197,-72.8,-105,-619,-870,1740,1530,-222,-287,136,755
-401,-1030,27.3,-1040,676,460,8.47,1170,7110,-142,376,1040,-3060,662,-1270,-321,-729,-1340,108,-3220,-1370,-555,5.68,-117,30.2,-315,-57.2,877,2120,-437,-222,-611,-470,1650,114,-351,-381,144,855
-271,-891,299,-1250,912,363,-1150,1920,9200,40.9,333,1550,-2930,2770,-3020,-754,-443,-1510,-97.6,-5630,-1250,-532,-5.62,-109,24.9,-280,-55.9,1040,659,-631,-502,-313,-277,1750,402,-68.6,-333,144,899
5.01,-1630,540,-452,917,244,-1860,1180,9800,749,26.3,-796,-2960,6450,-3460,-1100,-312,-2080,139,-5190,-1080,-483,-134,-93.8,125,-268,-69.4,1060,-835,-596,-1610,-87.1,-224,1890,1250,174,-354,271,847
-74.3,-1080,399,-575,893,301,-1330,2310,8440,-42.4,-259,-1690,-2260,6710,-3630,-1240,-515,-2250,91.5,-5870,-982,-510,-274,-114,76.8,-301,-130,804,-1260,-1070,-909,27.6,4.59,1810,3520,-16.0,-223,269,960
-318,-1090,541,-1510,970,375,-1200,2030,7260,-362,-234,-1900,-2220,9680,-3960,-1240,-921,-2050,253,-6070,-1050,-494,-226,-103,39.4,-337,-92.6,622,-839,-1110,-981,8.14,130,1790,3520,28.0,-90.6,187,947
-455,-209,472,-1160,944,192,-1160,1880,4580,-778,-241,-2180,-2020,11900,-3680,-1350,-877,-2030,-38.5,-5870,-1040,-482,-238,-93.6,38.1,-283,-70.8,592,-1210,-1180,-718,267,83.8,1910,3960,-84.5,-186,175,663
-479,-687,539,-515,904,145,-2080,1110,9300,762,-176,-2030,-2610,8650,-3710,-1390,-814,-1860,152,-5240,-996,-440,-68.2,-101,34.5,-282,-38.7,105,-2490,-1030,-443,228,780,2120,2330,-100,-246,-35.1,687
-382,-453,443,-49.6,717,99.3,-1750,400,9570,477,-179,-1440,-2510,8500,-3870,-1390,-983,-1930,319,-4960,-987,-450,130,-102,7.08,-319,-84.0,74.3,-2990,-1040,-1130,79.1,839,1930,2650,-163,152,-78.1,845
-357,-281,393,-470,772,235,-379,1470,5580,34.1,-116,-1690,-1960,7230,-3600,-1210,-876,-1810,6.10,-4950,-980,-501,60.3,-95.1,-12.9,-229,-71.8,723,-2040,-1450,-1220,211,1200,1800,3580,-138,218,-23.4,963
-483,-507,129,-409,846,216,-713,1710,3480,165,-196,-977,-2220,10500,-3390,-1400,-790,-1810,-282,-5400,-998,-473,140,-92.1,-8.59,-317,-128,275,-1990,-1480,-1500,-367,1390,1700,4160,-120,168,145,970
-401,528,198,-116,742,179,814,1630,5560,-589,-151,-2110,-1960,3640,-2680,-1430,-734,-1670,105,-4340,-881,-490,-34.2,-49.6,-274,-280,-121,67.2,-868,-1340,293,-156,775,1660,3570,-27.7,-62.6,185,810
-408,672,247,-234,681,276,-249,1610,6930,-831,-137,-1830,-1810,4300,-2260,-1250,-681,-1260,-20.4,-4310,-1100,-476,-15.5,-58.6,-204,-284,-46.5,219,-482,-1320,72.9,-330,-31.6,1690,2390,50.0,-475,313,642
-458,-678,29.0,153,789,291,-200,1390,6900,-861,-79.2,-588,-2130,7060,-2060,-1200,-752,-1290,30.2,-4150,-1070,-445,-108,-63.7,-264,-307,-35.1,-1150,-983,-1120,-1300,192,-171,1360,2660,23.5,-337,273,640
-341,922,49.7,94.1,836,37.0,382,804,1630,-867,-103,-927,-1650,7620,-2300,-1340,-769,-1370,119,-1590,-941,-440,-313,-63.3,-272,-258,-36.1,-1990,-1120,-1060,-795,330,-51.8,1290,3900,97.9,-370,215,656
-421,442,52.4,-289,561,139,-79.7,1120,1620,89.2,-201,-519,-2050,8040,-3100,-1370,-769,-1410,14.6,-2240,-942,-455,-284,-53.4,-190,-195,-7.19,-1090,-1150,-599,-1440,554,7.74,1720,3110,258,30.7,373,706
-97.1,152,309,-603,279,216,226,1980,1680,-200,-104,-517,-1810,8890,-2940,-1490,-530,-1590,14.1,-4210,-1060,-454,-341,-48.9,-176,-218,-21.5,-519,-903,-1090,-802,207,-34.5,1890,2580,219,9.13,382,740
-19.4,-164,318,-76.2,184,73.9,-670,1570,164,-1360,-247,-979,-1950,11000,-3170,-1110,-469,-1840,57.6,-4350,-992,-458,-168,-54.9,-151,-223,-57.6,674,-115,-1200,21.9,17.3,-115,1750,2740,160,35.2,339,859
-110,293,585,-299,251,157,787,1590,-1340,-1110,-311,-1610,-2160,11100,-3040,-1550,-526,-2160,-166,-4830,-1080,-476,-27.2,-55.2,-245,-224,-30.5,689,780,-1460,-18.7,548,17.8,1290,3160,225,88.4,362,878
-17.9,698,682,672,187,236,855,1100,-1750,-714,-383,-963,-1150,10100,-2990,-1200,-288,-2300,247,-5030,-1100,-459,-248,-62.1,-64.9,-158,-54.4,-189,-1050,-1540,-607,417,-221,1110,4680,454,74.7,208,851
-35.4,774,547,127,149,56.9,407,1010,-498,-1190,-273,-38.1,-1920,9270,-2490,-1250,-668,-2010,21.9,-4990,-1120,-469,-132,-65,-42.4,-60.2,-11.9,-863,56.1,-1240,-952,324,2.68,1090,5230,398,-24.9,319,562
-251,899,383,-412,592,-15.6,988,1020,-2050,-1660,-480,-938,-1760,11500,-3000,-950,-1100,-2100,172,-4790,-1180,-464,-151,-70.6,-41.6,-32.3,-54.4,-1450,876,-1180,-72.5,715,131,1310,5040,252,-268,92.1,473
-310,664,461,-567,499,-128,1300,750,-1070,-2210,-443,-528,-999,10800,-2560,-1370,-959,-1390,74.9,-4370,-1180,-487,-183,-65.1,-104,-128,-83.2,-1490,351,-1440,-489,455,233,1060,5570,225,-198,-62.8,422
-345,834,522,-292,533,-79.1,2840,454,-356,-1300,-406,-1210,-1640,8710,-2380,-1230,-941,-1480,92.0,-4830,-1040,-510,-272,-45.3,-90.7,-115,-105,-1360,648,-1580,-81.4,727,-94.1,1300,4870,258,-419,-103,521
-220,65.1,500,-296,784,-128,3340,529,757,143,-398,-1090,-1790,7530,-2480,-1330,-1210,-1560,-175,-4680,-909,-485,-312,-59.8,-84.5,-32.9,-103,-1310,637,-1280,222,253,-115,851,4190,137,-419,44.9,472
-258,2.32,712,324,723,-44.5,4280,217,-823,-1810,-438,-1140,-1800,8720,-3140,-1550,-1050,-926,-165,-4570,-1090,-469,-280,-63.0,-245,11.7,-141,-708,1850,-1330,-136,-186,-153,931,4560,247,-454,-25.6,416
-266,-607,812,781,735,121,3180,143,841,-1640,-397,-878,-1860,7710,-2780,-1250,-1100,-807,-14.5,-4920,-1130,-464,-250,-65.8,-248,-26.2,-110,-78.0,1690,-1350,-341,-558,-159,659,4410,67.5,-189,19.9,322
-236,-1030,652,1080,813,325,3590,552,2140,-1220,-359,-292,-2000,4790,-1130,-1250,-1230,-1030,96.7,-5230,-1090,-489,-207,-68.7,-217,-88.9,-93.6,-83.2,1460,-1180,-408,-383,-263,910,2870,193,-154,52.4,209
-254,-177,867,2340,910,381,2960,718,-2070,-2240,-375,-528,-2070,9050,-2460,-1330,-1080,-1180,-226,-4510,-1130,-449,-209,-63.3,-326,-38.3,-80.4,-156,2590,-1610,-648,-616,-165,1310,2070,338,148,-45.8,363
-215,-527,869,2350,999,183,1580,532,702,-1210,-301,-790,-2600,7840,-2350,-1190,-1040,-1280,-77.4,-3340,-1140,-430,-84.7,-64.2,-392,-42.3,-82.2,-514,1670,-1130,-502,-631,-271,1670,1270,275,-37.1,18.9,266
-283,-474,751,1750,790,270,2790,1420,-1790,-1360,-240,-327,-2520,8910,-2290,-1060,-1040,-1140,-23.4,-2410,-1100,-399,-298,-66.0,-417,-16.6,-110,-955,852,-1030,-1190,-635,-182,1680,1860,78.7,-55.8,-43.3,315
-277,-517,710,1370,931,318,4200,1660,-1450,-1570,-316,-154,-2850,7490,-2890,-1180,-1080,-1350,9.18,-2820,-1170,-447,28.2,-70.8,-253,88.1,-86.0,-488,1580,-1090,-1320,-701,-175,1580,2430,-295,-221,24.1,361
-256,-747,623,731,823,282,3090,1680,-233,-1980,-285,-663,-2700,5650,-917,-561,-1330,-1780,-60.6,-2570,-1170,-483,105,-68.4,-58.8,-41.0,-116,-666,2640,-1060,-510,-806,35.3,1470,1970,-295,-203,203,269
-436,-393,672,1540,898,372,1210,1770,-125,-1150,-120,-565,-2770,7680,-1910,-914,-1040,-1600,-30.2,-3190,-1040,-459,54.6,-58.7,-137,-30.5,-98.2,264,2460,-1640,-1200,-650,-205,1190,1830,-221,-224,34.7,224
-419,-373,838,1250,672,369,391,1600,782,-517,-168,76.1,-2650,7250,-2460,-1070,-812,-1480,-1.98,-3040,-950,-476,-15.3,-67.4,-316,-48.0,-89.8,-1000,2150,-1400,-976,-564,-293,1210,2500,-86.5,-74.9,31.4,220
-417,-1100,587,1680,628,298,-105,1690,3350,-795,-392,-415,-2730,6600,-1940,-1030,-970,-1060,-195,-4560,-1080,-488,-154,-61.1,-242,-79.0,-91.2,-298,2490,-1220,-485,-1050,-35.3,1450,2160,36.0,-399,132,305
-384,-1530,337,2520,487,402,100.0,1920,2780,-1280,-310,16.4,-2610,6350,-1560,-856,-1050,-921,137,-4920,-1130,-460,64.2,-50.8,-101,-51.1,-99.0,-53.6,1780,-993,-640,-597,-216,1480,1740,-28.4,-747,174,296
-380,-781,202,1300,494,533,-1180,2170,5300,-946,-431,-906,-2180,6850,-1790,-769,-690,-811,155,-4830,-1180,-464,-195,-61.7,-126,-286,-130,5.23,506,-1800,-614,-306,-278,1460,2770,-389,-642,229,173
-378,-1150,327,643,491,546,-855,1750,7760,-479,-375,-1110,-2550,6500,-1720,-664,-606,-895,135,-5270,-1050,-457,-103,-64.9,-129,-249,-38.2,-364,323,-1090,-458,-414,-217,1750,1480,-573,-556,122,-3.90
-374,-1280,575,417,403,449,128,2410,5100,-1150,-347,142,-2510,7150,-2530,-773,-785,-801,-14.2,-5450,-1080,-480,-85.6,-64.3,-216,-252,1.94,947,351,-1750,-829,-752,-25.4,1690,2190,-577,-176,212,128
-373,-1360,343,144,580,598,1940,2380,5010,-841,-432,-829,-2220,4620,-1710,-945,-837,-765,-51.6,-4930,-1060,-461,-213,-75.4,-251,-217,-110,905,-1260,-1480,-567,-927,-57.5,1550,4470,-626,-147,179,19.0
-403,-1460,165,439,826,572,363,2320,4750,-1270,-453,-436,-2390,5180,-1960,-1040,-627,-1050,168,-4200,-1150,-425,-212,-57.8,-225,-242,-85.5,949,-907,-1300,-243,-614,-293,1970,3750,-222,-246,23.2,32.5
-130,-664,708,81.1,902,542,177,2340,3290,-1130,-308,1340,-3060,3810,-3060,-893,-89.5,-1380,66.0,-4740,-1160,-493,-163,-58.5,-104,-318,-83.3,1300,709,-1840,205,-377,83.3,2350,2040,507,-81.2,-84.7,-223
-85.2,-728,1210,407,796,203,-338,1610,8430,-159,-325,30.6,-2590,-968,-2610,-1270,269,-1270,147,-4500,-1140,-504,75.2,-58.2,-117,-295,-125,686,-481,-1430,481,-321,154,2050,2280,425,73.7,-110,97.3
-176,-30.2,950,472,795,273,481,1780,5670,-450,-385,299,-2510,-2650,-1970,-1170,177,-1320,85.6,-3810,-1100,-506,81.9,-59.9,91.3,-337,-33.6,888,-322,-1540,261,161,22.2,1910,3520,474,-59.2,-125,166
-200,-1370,1090,440,729,484,-1480,1610,6360,-897,-307,-463,-2140,4450,-3430,-1360,-80.5,-1370,-142,-4760,-1240,-483,-84.0,-62.0,1.43,-331,-43.7,214,193,-1360,884,-31.0,67.8,1760,3070,429,-212,-176,244
147,-1560,1100,165,420,523,54.1,1680,8240,546,-418,-851,-1810,-639,-1020,-1500,-242,-1740,160,-3850,-1130,-515,-237,-64.3,-87.9,-326,-22.2,-42.4,-1370,-797,806,-452,-431,1340,3550,383,-441,22.7,399
-13.9,-2360,1050,648,387,560,-204,1790,7550,576,-497,484,-1690,3910,-2660,-1500,-328,-1680,79.3,-5660,-1100,-481,-181,-60.1,-91.4,-350,-64.6,563,-1190,-1120,142,-170,-373,1400,2650,134,-462,-1.26,308
32.4,-2050,1330,296,432,359,-764,1680,5900,-130,-452,-873,-2280,7950,-3420,-1630,14.1,-1240,-80.6,-5810,-1140,-433,-50.1,-61.2,-225,-404,-102,-442,-1500,-1400,2340,-663,-240,1600,3180,177,-187,-136,439
89.4,63.4,1150,-228,486,263,-1210,1250,1610,-414,-519,-522,-1700,9480,-3500,-1630,83.6,-733,248,-3410,-1060,-362,-58.7,-61.5,48.4,-420,-6.53,-1730,-2240,-1390,1330,226,-365,1530,3060,324,344,-333,304
-46.8,-1570,831,-546,595,53.5,-1610,963,9270,1060,-431,-1940,-1740,2570,-2850,-1660,-501,-1120,-158,-4080,-911,-403,34.1,-91.1,-70.7,-333,0,58.0,-2320,-76.8,378,310,-198,887,5210,130,34.9,-257,512
-196.338709677419,-907.281879194631,491.177777777778,-897.614864864865,730.279220779221,233.834782608696,-167.546666666667,1493.11538461538,5192.21656050955,-626.534246575342,98.0431654676259,-1417.24503311258,-2254.77070063694,5619.17307692308,-2269.94193548387,-875.519480519481,-766.789473684211,-1394.04458598726,39.3472222222222,-4438.98089171975,-1070.05732484076,-475.977272727273,-101.440366972477,-118.957446808511,-120.048780487805,-233.697841726619,-106.018518518519,-468.442857142857,922.909090909091,-700.88,81.7183098591549,222.343065693431,-127.904347826087,1247.24203821656,2391.30128205128,73.8777777777778,-466.194029850746,160.198113207547,625.793103448276
